INDEX,COMMIT_ID,IS_MAVEN,OLD_BUILD_SUCCESSFUL,NEW_BUILD_SUCCESSFUL,OLD_EXCEPTION,NEW_EXCEPTION
0,875d9d2f,False,False,False,,['OTHER']
1,22e25c6d,True,True,False,,"['ArtifactResolutionException', 'DependencyResolutionException']"
2,08b13d35,True,True,False,,"['ArtifactResolutionException', 'DependencyResolutionException']"
3,5b6ccd94,True,True,False,,"['ArtifactResolutionException', 'DependencyResolutionException']"
4,d4cba0bb,True,True,False,,"['ArtifactResolutionException', 'DependencyResolutionException']"
5,7786ab33,True,True,False,,"['ArtifactResolutionException', 'DependencyResolutionException']"
6,6522e749,True,True,False,,"['ArtifactResolutionException', 'DependencyResolutionException']"
7,d2721a7b,True,True,False,,"['ArtifactResolutionException', 'DependencyResolutionException']"
8,8014dffc,True,True,False,,"['ArtifactResolutionException', 'DependencyResolutionException']"
9,b64ab4df,True,True,False,,"['ArtifactResolutionException', 'DependencyResolutionException']"
10,b2a9a4cf,True,True,False,,"['ArtifactResolutionException', 'DependencyResolutionException']"
11,de60858c,True,True,False,,"['ArtifactResolutionException', 'DependencyResolutionException']"
12,ed936c8d,True,True,False,,"['ArtifactResolutionException', 'DependencyResolutionException']"
13,1df4bae0,True,True,False,,"['ArtifactResolutionException', 'DependencyResolutionException']"
14,11b5d926,True,True,False,,"['ArtifactResolutionException', 'DependencyResolutionException']"
15,214a4c13,True,True,False,,"['ArtifactResolutionException', 'DependencyResolutionException']"
16,959d2c80,True,True,False,,"['ArtifactResolutionException', 'DependencyResolutionException']"
17,e503fd95,True,True,False,,"['ArtifactResolutionException', 'DependencyResolutionException']"
18,d90c84a5,True,True,False,,"['ArtifactResolutionException', 'DependencyResolutionException']"
19,422b431a,True,True,False,,"['ArtifactResolutionException', 'DependencyResolutionException']"
20,0d08b39a,True,True,False,,"['ArtifactResolutionException', 'DependencyResolutionException']"
21,829b04ad,True,True,False,,"['ArtifactResolutionException', 'DependencyResolutionException']"
22,9d6fedb8,True,True,False,,"['ArtifactResolutionException', 'DependencyResolutionException']"
23,d3d37f8d,True,True,False,,"['ArtifactResolutionException', 'DependencyResolutionException']"
24,1f7c54b3,True,True,False,,"['ArtifactResolutionException', 'DependencyResolutionException']"
25,6cb2389c,True,True,False,,"['ArtifactResolutionException', 'DependencyResolutionException']"
26,f2993835,True,True,False,,"['ArtifactResolutionException', 'DependencyResolutionException']"
27,20740bd6,True,True,False,,"['ArtifactResolutionException', 'DependencyResolutionException']"
28,c4bd54d2,True,True,False,,"['ArtifactResolutionException', 'DependencyResolutionException']"
29,c8658a6a,True,True,False,,"['ArtifactResolutionException', 'DependencyResolutionException']"
30,596a1f95,True,True,False,,"['ArtifactResolutionException', 'DependencyResolutionException']"
31,e5670641,True,True,False,,"['ArtifactResolutionException', 'DependencyResolutionException']"
32,35c0d8e7,True,True,False,,"['ArtifactResolutionException', 'DependencyResolutionException']"
33,70b2a60d,True,True,False,,"['ArtifactResolutionException', 'DependencyResolutionException']"
34,11daa282,True,True,False,,"['ArtifactResolutionException', 'DependencyResolutionException']"
35,ecc8ab0d,True,True,False,,"['ArtifactResolutionException', 'DependencyResolutionException']"
36,1228c571,True,True,False,,"['ArtifactResolutionException', 'DependencyResolutionException']"
37,8bd49694,True,True,False,,"['ArtifactResolutionException', 'DependencyResolutionException']"
38,49f07079,True,True,False,,"['ArtifactResolutionException', 'DependencyResolutionException']"
39,b9ce8251,True,True,False,,"['ArtifactResolutionException', 'DependencyResolutionException']"
40,194f9f6f,True,False,False,MojoFailureException,"['ArtifactResolutionException', 'DependencyResolutionException']"
41,ecc61367,True,False,False,MojoFailureException,"['ArtifactResolutionException', 'DependencyResolutionException']"
42,bf8dc5a1,True,False,False,MojoFailureException,"['ArtifactResolutionException', 'DependencyResolutionException']"
43,6dea2ab2,True,False,False,MojoFailureException,"['ArtifactResolutionException', 'DependencyResolutionException']"
44,7cf14ffd,True,False,False,MojoFailureException,"['ArtifactResolutionException', 'DependencyResolutionException']"
45,6307d26c,True,False,False,MojoFailureException,"['ArtifactResolutionException', 'DependencyResolutionException']"
46,65def643,True,False,False,MojoFailureException,"['ArtifactResolutionException', 'DependencyResolutionException']"
47,449b9db2,True,False,False,MojoFailureException,"['ArtifactResolutionException', 'DependencyResolutionException']"
48,1c120032,True,False,False,MojoFailureException,"['ArtifactResolutionException', 'DependencyResolutionException']"
49,ce36ad4a,True,False,False,MojoFailureException,"['ArtifactResolutionException', 'DependencyResolutionException']"
50,e5290890,True,False,False,MojoFailureException,"['ArtifactResolutionException', 'DependencyResolutionException']"
51,cb3ac9d4,True,False,False,MojoFailureException,"['ArtifactResolutionException', 'DependencyResolutionException']"
52,f0ef7a16,True,False,False,MojoFailureException,"['ArtifactResolutionException', 'DependencyResolutionException']"
53,d29452b1,True,False,False,MojoFailureException,"['ArtifactResolutionException', 'DependencyResolutionException']"
54,63d90ac5,True,False,False,MojoFailureException,"['ArtifactResolutionException', 'DependencyResolutionException']"
55,f234ccf5,True,False,False,MojoFailureException,"['ArtifactResolutionException', 'DependencyResolutionException']"
56,86376007,True,False,False,MojoFailureException,"['ArtifactResolutionException', 'DependencyResolutionException']"
57,4a3e6d13,True,False,False,MojoFailureException,"['ArtifactResolutionException', 'DependencyResolutionException']"
58,fd2edb5d,True,False,False,MojoFailureException,"['ArtifactResolutionException', 'DependencyResolutionException']"
59,baa0e6c1,True,False,False,MojoFailureException,"['ArtifactResolutionException', 'DependencyResolutionException']"
60,2fe7b154,True,False,False,MojoFailureException,"['ArtifactResolutionException', 'DependencyResolutionException']"
61,c1153f48,True,False,False,MojoFailureException,"['ArtifactResolutionException', 'DependencyResolutionException']"
62,425f89e7,True,False,False,MojoFailureException,"['ArtifactResolutionException', 'DependencyResolutionException']"
63,24ff3750,True,False,False,MojoFailureException,"['ArtifactResolutionException', 'DependencyResolutionException']"
64,3df21ede,True,False,False,MojoFailureException,"['ArtifactResolutionException', 'DependencyResolutionException']"
65,d6212b13,True,False,False,MojoFailureException,"['ArtifactResolutionException', 'DependencyResolutionException']"
66,5c3ad1c2,True,False,False,MojoFailureException,"['ArtifactResolutionException', 'DependencyResolutionException']"
67,62ecae60,True,False,False,MojoFailureException,"['ArtifactResolutionException', 'DependencyResolutionException']"
68,1fd5c7a0,True,False,False,MojoFailureException,"['ArtifactResolutionException', 'DependencyResolutionException']"
69,cb023501,True,False,False,MojoFailureException,"['ArtifactResolutionException', 'DependencyResolutionException']"
70,3c581f45,True,False,False,MojoFailureException,"['ArtifactResolutionException', 'DependencyResolutionException']"
71,49ba1b8c,True,False,False,MojoFailureException,"['ArtifactResolutionException', 'DependencyResolutionException']"
72,d6139080,True,False,False,MojoFailureException,"['ArtifactResolutionException', 'DependencyResolutionException']"
73,24a873b5,True,False,False,MojoFailureException,"['ArtifactResolutionException', 'DependencyResolutionException']"
74,472666dd,True,False,False,MojoFailureException,"['ArtifactResolutionException', 'DependencyResolutionException']"
75,d0d4404f,True,False,False,MojoFailureException,"['ArtifactResolutionException', 'DependencyResolutionException']"
76,edbef29a,True,False,False,MojoFailureException,"['ArtifactResolutionException', 'DependencyResolutionException']"
77,a14806d4,True,False,False,MojoFailureException,"['ArtifactResolutionException', 'DependencyResolutionException']"
78,a7e47116,True,False,False,ArtifactResolutionException,"['ArtifactResolutionException', 'ProjectBuildingException', 'UnresolvableModelException']"
79,cf93fd54,True,False,False,ArtifactResolutionException,"['ArtifactResolutionException', 'ProjectBuildingException', 'UnresolvableModelException']"
80,648093d9,True,False,False,ArtifactResolutionException,"['ArtifactResolutionException', 'ProjectBuildingException', 'UnresolvableModelException']"
81,12069918,True,False,False,CompilationFailureException,"['ArtifactResolutionException', 'DependencyResolutionException']"
82,b4ed9905,True,False,False,CompilationFailureException,"['ArtifactResolutionException', 'DependencyResolutionException']"
83,4873b695,True,False,False,CompilationFailureException,"['ArtifactResolutionException', 'DependencyResolutionException']"
84,2d1992c3,True,False,False,CompilationFailureException,"['ArtifactResolutionException', 'DependencyResolutionException']"
85,c8d67f71,True,False,False,CompilationFailureException,"['ArtifactResolutionException', 'DependencyResolutionException']"
86,1121d4a4,True,False,False,CompilationFailureException,"['ArtifactResolutionException', 'DependencyResolutionException']"
87,1e8cd484,True,False,False,CompilationFailureException,"['ArtifactResolutionException', 'DependencyResolutionException']"
88,8f3a665f,True,False,False,CompilationFailureException,"['ArtifactResolutionException', 'DependencyResolutionException']"
89,6244d153,True,False,False,CompilationFailureException,"['ArtifactResolutionException', 'DependencyResolutionException']"
90,57543701,True,True,False,,"['ArtifactResolutionException', 'DependencyResolutionException']"
91,d90e7cb9,True,True,False,,"['ArtifactResolutionException', 'DependencyResolutionException']"
92,e47a8ede,True,True,False,,"['ArtifactResolutionException', 'DependencyResolutionException']"
93,391c051b,True,True,False,,"['ArtifactResolutionException', 'DependencyResolutionException']"
94,cdbcb89f,True,True,False,,"['ArtifactResolutionException', 'DependencyResolutionException']"
95,34bd4371,True,True,False,,"['ArtifactResolutionException', 'DependencyResolutionException']"
96,b6b45951,True,True,False,,"['ArtifactResolutionException', 'DependencyResolutionException']"
97,c182adbf,True,True,False,,"['ArtifactResolutionException', 'DependencyResolutionException']"
98,dd606e3a,True,False,False,DependencyResolutionException,"['ArtifactResolutionException', 'DependencyResolutionException']"
99,edc8be69,True,False,False,DependencyResolutionException,"['ArtifactResolutionException', 'DependencyResolutionException']"
100,c0f7892a,True,False,False,DependencyResolutionException,"['ArtifactResolutionException', 'DependencyResolutionException']"
101,ccfd66a7,True,False,False,DependencyResolutionException,"['ArtifactResolutionException', 'DependencyResolutionException']"
102,c7ea4acf,True,False,False,CompilationFailureException,"['ArtifactResolutionException', 'DependencyResolutionException']"
103,086a15ea,True,False,False,CompilationFailureException,"['ArtifactResolutionException', 'DependencyResolutionException']"
104,0eaf1fcf,True,False,False,CompilationFailureException,"['ArtifactResolutionException', 'DependencyResolutionException']"
105,f1f62520,True,False,False,CompilationFailureException,"['ArtifactResolutionException', 'DependencyResolutionException']"
106,c542107f,True,False,False,CompilationFailureException,"['ArtifactResolutionException', 'DependencyResolutionException']"
107,5ad3fd87,True,False,False,CompilationFailureException,"['ArtifactResolutionException', 'DependencyResolutionException']"
108,ee2d7a0f,True,False,False,CompilationFailureException,"['ArtifactResolutionException', 'DependencyResolutionException']"
109,d1a45dbd,True,False,False,CompilationFailureException,"['ArtifactResolutionException', 'DependencyResolutionException']"
110,d37fdfff,True,False,False,CompilationFailureException,"['ArtifactResolutionException', 'DependencyResolutionException']"
111,4f531141,True,False,False,CompilationFailureException,"['ArtifactResolutionException', 'DependencyResolutionException']"
112,5db2c9d3,True,False,False,CompilationFailureException,"['ArtifactResolutionException', 'DependencyResolutionException']"
113,718ff6c9,True,False,False,CompilationFailureException,"['ArtifactResolutionException', 'DependencyResolutionException']"
114,71c88608,True,False,False,CompilationFailureException,"['ArtifactResolutionException', 'DependencyResolutionException']"
115,23be4982,True,False,False,CompilationFailureException,"['ArtifactResolutionException', 'DependencyResolutionException']"
116,410d4dd5,True,False,False,CompilationFailureException,"['ArtifactResolutionException', 'DependencyResolutionException']"
117,a66db984,True,False,False,CompilationFailureException,"['ArtifactResolutionException', 'DependencyResolutionException']"
118,a9a70b1f,False,False,False,,['OTHER']
119,c576597d,False,False,False,,['OTHER']
120,b57d1c87,False,False,False,,['OTHER']
121,7ec3bde4,False,False,False,,['OTHER']
122,0e75f47f,False,False,False,,['OTHER']
123,cbb081a8,False,False,False,,['OTHER']
124,99f60c21,False,False,False,,['OTHER']
125,e4decdc1,True,True,False,,"['ArtifactResolutionException', 'DependencyResolutionException']"
126,c57094e9,True,True,False,,"['ArtifactResolutionException', 'DependencyResolutionException']"
127,59a5ae3d,True,True,False,,"['ArtifactResolutionException', 'DependencyResolutionException']"
128,06d8ed14,True,True,False,,"['ArtifactResolutionException', 'DependencyResolutionException']"
129,5c483dbc,True,True,False,,"['ArtifactResolutionException', 'DependencyResolutionException']"
130,8efad7c6,True,True,False,,"['ArtifactResolutionException', 'DependencyResolutionException']"
131,eae45830,True,True,False,,"['ArtifactResolutionException', 'DependencyResolutionException']"
132,459c90a8,True,True,False,,"['ArtifactResolutionException', 'DependencyResolutionException']"
133,bdc47a55,True,True,False,,"['ArtifactResolutionException', 'DependencyResolutionException']"
134,372d5b81,True,True,False,,"['ArtifactResolutionException', 'DependencyResolutionException']"
135,18adb4e7,True,True,False,,"['ArtifactResolutionException', 'DependencyResolutionException']"
136,2943002c,True,True,False,,"['ArtifactResolutionException', 'DependencyResolutionException']"
137,07ccbfeb,True,True,False,,"['ArtifactResolutionException', 'DependencyResolutionException']"
138,5bf646cf,True,True,False,,"['ArtifactResolutionException', 'DependencyResolutionException']"
139,148e1b9e,True,True,False,,"['ArtifactResolutionException', 'DependencyResolutionException']"
140,1af530ad,True,True,False,,"['ArtifactResolutionException', 'DependencyResolutionException']"
141,11e9f52c,True,True,False,,"['ArtifactResolutionException', 'DependencyResolutionException']"
142,2728bf61,True,True,False,,"['ArtifactResolutionException', 'DependencyResolutionException']"
143,2bd7b1cc,True,True,False,,"['ArtifactResolutionException', 'DependencyResolutionException']"
144,36a012c1,True,True,False,,"['ArtifactResolutionException', 'DependencyResolutionException']"
145,2c6e26d9,True,True,False,,"['ArtifactResolutionException', 'DependencyResolutionException']"
146,ef2e0d59,True,True,False,,"['ArtifactResolutionException', 'DependencyResolutionException']"
147,38299e76,True,True,False,,"['ArtifactResolutionException', 'DependencyResolutionException']"
148,8063fcb8,True,True,False,,"['ArtifactResolutionException', 'DependencyResolutionException']"
149,e7051100,True,True,False,,"['ArtifactResolutionException', 'DependencyResolutionException']"
150,54029860,True,False,False,CompilationFailureException,"['ArtifactResolutionException', 'DependencyResolutionException']"
151,0546ace6,True,True,False,,"['ArtifactResolutionException', 'DependencyResolutionException']"
152,44d6e320,True,True,False,,"['ArtifactResolutionException', 'DependencyResolutionException']"
153,6abc69bb,True,True,False,,"['ArtifactResolutionException', 'DependencyResolutionException']"
154,63ab8c1b,True,True,False,,"['ArtifactResolutionException', 'DependencyResolutionException']"
155,82b0842a,True,True,False,,"['ArtifactResolutionException', 'DependencyResolutionException']"
156,191fa4ce,True,True,False,,"['ArtifactResolutionException', 'DependencyResolutionException']"
157,dc40b09c,True,True,False,,"['ArtifactResolutionException', 'DependencyResolutionException']"
158,d94144cc,True,True,False,,"['ArtifactResolutionException', 'DependencyResolutionException']"
159,9919d2f8,True,True,False,,"['ArtifactResolutionException', 'DependencyResolutionException']"
160,ee8a4cbd,True,True,False,,"['ArtifactResolutionException', 'DependencyResolutionException']"
161,72c2d666,True,True,False,,"['ArtifactResolutionException', 'DependencyResolutionException']"
162,bc8124b8,True,True,False,,"['ArtifactResolutionException', 'DependencyResolutionException']"
163,4c17e5e4,True,True,False,,"['ArtifactResolutionException', 'DependencyResolutionException']"
164,a5fe3018,True,True,False,,"['ArtifactResolutionException', 'DependencyResolutionException']"
165,ae9f689a,True,True,False,,"['ArtifactResolutionException', 'DependencyResolutionException']"
166,9f1e75bb,True,True,False,,"['ArtifactResolutionException', 'DependencyResolutionException']"
167,e30ab41f,True,True,False,,"['ArtifactResolutionException', 'DependencyResolutionException']"
168,fd7b3b20,True,True,False,,"['ArtifactResolutionException', 'DependencyResolutionException']"
169,0d4d9d46,True,True,False,,"['ArtifactResolutionException', 'DependencyResolutionException']"
170,10b92884,True,True,False,,"['ArtifactResolutionException', 'DependencyResolutionException']"
171,2e687e94,True,True,False,,"['ArtifactResolutionException', 'DependencyResolutionException']"
172,42dca618,True,True,False,,"['ArtifactResolutionException', 'DependencyResolutionException']"
173,0d7e2539,True,True,False,,"['ArtifactResolutionException', 'DependencyResolutionException']"
174,cc9f8dfe,True,True,False,,"['ArtifactResolutionException', 'DependencyResolutionException']"
175,bb6959dc,True,True,False,,"['ArtifactResolutionException', 'DependencyResolutionException']"
176,52e02b69,True,True,False,,"['ArtifactResolutionException', 'DependencyResolutionException']"
177,88945f1c,True,True,False,,"['ArtifactResolutionException', 'DependencyResolutionException']"
178,161bba63,True,True,False,,"['ArtifactResolutionException', 'DependencyResolutionException']"
179,66bc0033,True,True,False,,"['ArtifactResolutionException', 'DependencyResolutionException']"
180,270765ac,True,True,False,,"['ArtifactResolutionException', 'DependencyResolutionException']"
181,c294a3c7,True,True,False,,"['ArtifactResolutionException', 'DependencyResolutionException']"
182,6d80d99e,True,True,False,,"['ArtifactResolutionException', 'DependencyResolutionException']"
183,a1bcdbbe,True,True,False,,"['ArtifactResolutionException', 'DependencyResolutionException']"
184,05b73e48,True,True,False,,"['ArtifactResolutionException', 'DependencyResolutionException']"
185,9e3b5ecc,True,True,False,,"['ArtifactResolutionException', 'DependencyResolutionException']"
186,1b10a6a7,True,True,False,,"['ArtifactResolutionException', 'DependencyResolutionException']"
187,a83589ea,True,True,False,,"['ArtifactResolutionException', 'DependencyResolutionException']"
188,0317483d,True,True,False,,"['ArtifactResolutionException', 'DependencyResolutionException']"
189,6485baab,True,True,False,,"['ArtifactResolutionException', 'DependencyResolutionException']"
190,d9803914,True,True,False,,"['ArtifactResolutionException', 'DependencyResolutionException']"
191,4f8e3da1,True,True,False,,"['ArtifactResolutionException', 'DependencyResolutionException']"
192,065000dd,True,True,False,,"['ArtifactResolutionException', 'DependencyResolutionException']"
193,560e6fbd,True,True,False,,"['ArtifactResolutionException', 'DependencyResolutionException']"
194,cd51c357,True,True,False,,"['ArtifactResolutionException', 'DependencyResolutionException']"
195,19b378be,True,True,False,,"['ArtifactResolutionException', 'DependencyResolutionException']"
196,ad17c6bf,True,True,False,,"['ArtifactResolutionException', 'DependencyResolutionException']"
197,5b3d2038,True,True,False,,"['ArtifactResolutionException', 'DependencyResolutionException']"
198,a2992a75,True,True,False,,"['ArtifactResolutionException', 'DependencyResolutionException']"
199,867c1ba4,True,True,False,,"['ArtifactResolutionException', 'DependencyResolutionException']"
200,a9386dac,True,True,False,,"['ArtifactResolutionException', 'DependencyResolutionException']"
201,784025ac,True,True,False,,"['ArtifactResolutionException', 'DependencyResolutionException']"
202,e67f9d57,True,True,False,,"['ArtifactResolutionException', 'DependencyResolutionException']"
203,c695388b,True,True,False,,"['ArtifactResolutionException', 'DependencyResolutionException']"
204,9064cc8a,True,True,False,,"['ArtifactResolutionException', 'DependencyResolutionException']"
205,0bcc9516,True,True,False,,"['ArtifactResolutionException', 'DependencyResolutionException']"
206,1732a2cd,True,True,False,,"['ArtifactResolutionException', 'DependencyResolutionException']"
207,0075d0ae,True,True,False,,"['ArtifactResolutionException', 'DependencyResolutionException']"
208,ba44ad6f,True,True,False,,"['ArtifactResolutionException', 'DependencyResolutionException']"
209,f4264942,True,True,False,,"['ArtifactResolutionException', 'DependencyResolutionException']"
210,772032f1,True,True,False,,"['ArtifactResolutionException', 'DependencyResolutionException']"
211,1e6d3809,True,True,False,,"['ArtifactResolutionException', 'DependencyResolutionException']"
212,da34674f,True,True,False,,"['ArtifactResolutionException', 'DependencyResolutionException']"
213,92ad4ebc,True,True,False,,"['ArtifactResolutionException', 'DependencyResolutionException']"
214,d3b311fe,True,True,False,,"['ArtifactResolutionException', 'DependencyResolutionException']"
215,d10da2c0,True,True,False,,"['ArtifactResolutionException', 'DependencyResolutionException']"
216,72639ba7,True,True,False,,"['ArtifactResolutionException', 'DependencyResolutionException']"
217,cf38f9b0,True,True,False,,"['ArtifactResolutionException', 'DependencyResolutionException']"
218,1e0d838f,True,True,False,,"['ArtifactResolutionException', 'DependencyResolutionException']"
219,eec45ade,True,True,False,,"['ArtifactResolutionException', 'DependencyResolutionException']"
220,c7475b0f,True,True,False,,"['ArtifactResolutionException', 'DependencyResolutionException']"
221,69db6cc3,True,True,False,,"['ArtifactResolutionException', 'DependencyResolutionException']"
222,12ca77c4,True,True,False,,"['ArtifactResolutionException', 'DependencyResolutionException']"
223,90490f12,True,True,False,,"['ArtifactResolutionException', 'DependencyResolutionException']"
224,51da0e5a,True,True,False,,"['ArtifactResolutionException', 'DependencyResolutionException']"
225,d4218476,True,True,False,,"['ArtifactResolutionException', 'DependencyResolutionException']"
226,5e1834b0,True,True,False,,"['ArtifactResolutionException', 'DependencyResolutionException']"
227,58b48e5a,True,True,False,,"['ArtifactResolutionException', 'DependencyResolutionException']"
228,71055421,True,True,False,,"['ArtifactResolutionException', 'DependencyResolutionException']"
229,ac85f2fa,True,True,False,,"['ArtifactResolutionException', 'DependencyResolutionException']"
230,e1478481,True,True,False,,"['ArtifactResolutionException', 'DependencyResolutionException']"
231,36f5afba,True,True,False,,"['ArtifactResolutionException', 'DependencyResolutionException']"
232,0e5b55bd,True,True,False,,"['ArtifactResolutionException', 'DependencyResolutionException']"
233,dda95f58,True,True,False,,"['ArtifactResolutionException', 'DependencyResolutionException']"
234,84045ed6,True,True,False,,"['ArtifactResolutionException', 'DependencyResolutionException']"
235,68f8edc8,True,True,False,,"['ArtifactResolutionException', 'DependencyResolutionException']"
236,e53b49ff,True,True,False,,"['ArtifactResolutionException', 'DependencyResolutionException']"
237,735c2196,True,True,False,,"['ArtifactResolutionException', 'DependencyResolutionException']"
238,e44c2e78,True,True,False,,"['ArtifactResolutionException', 'DependencyResolutionException']"
239,19d2d052,True,True,False,,"['ArtifactResolutionException', 'DependencyResolutionException']"
240,0001dd5f,True,True,False,,"['ArtifactResolutionException', 'DependencyResolutionException']"
241,1f451b62,True,True,False,,"['ArtifactResolutionException', 'DependencyResolutionException']"
242,2931fbb1,True,True,False,,"['ArtifactResolutionException', 'DependencyResolutionException']"
243,a6b5f1bb,True,True,False,,"['ArtifactResolutionException', 'DependencyResolutionException']"
244,5da7f7cd,True,True,False,,"['ArtifactResolutionException', 'DependencyResolutionException']"
245,0136f1d2,True,True,False,,"['ArtifactResolutionException', 'DependencyResolutionException']"
246,e3d21a7e,True,True,False,,"['ArtifactResolutionException', 'DependencyResolutionException']"
247,8b0993c9,True,True,False,,"['ArtifactResolutionException', 'DependencyResolutionException']"
248,3077100b,True,True,False,,"['ArtifactResolutionException', 'DependencyResolutionException']"
249,dbdfb5b8,True,True,False,,"['ArtifactResolutionException', 'DependencyResolutionException']"
250,516d9108,True,True,False,,"['ArtifactResolutionException', 'DependencyResolutionException']"
251,263c93d8,True,True,False,,"['ArtifactResolutionException', 'DependencyResolutionException']"
252,81fc1e5d,True,True,False,,"['ArtifactResolutionException', 'DependencyResolutionException']"
253,df6a30d5,True,True,False,,"['ArtifactResolutionException', 'DependencyResolutionException']"
254,b37c8971,True,True,False,,"['ArtifactResolutionException', 'DependencyResolutionException']"
255,9243bc8b,True,True,False,,"['ArtifactResolutionException', 'DependencyResolutionException']"
256,47e6fe0c,True,True,False,,"['ArtifactResolutionException', 'DependencyResolutionException']"
257,026d83a9,True,True,False,,"['ArtifactResolutionException', 'DependencyResolutionException']"
258,2e050059,True,True,False,,"['ArtifactResolutionException', 'DependencyResolutionException']"
259,dd00b90e,True,True,False,,"['ArtifactResolutionException', 'DependencyResolutionException']"
260,375278b9,True,True,False,,"['ArtifactResolutionException', 'DependencyResolutionException']"
261,37871f02,True,True,False,,"['ArtifactResolutionException', 'DependencyResolutionException']"
262,7a7bec71,True,True,False,,"['ArtifactResolutionException', 'DependencyResolutionException']"
263,601d8f50,True,True,False,,"['ArtifactResolutionException', 'DependencyResolutionException']"
264,43c8be48,True,True,False,,"['ArtifactResolutionException', 'DependencyResolutionException']"
265,6d0fcad9,True,True,False,,"['ArtifactResolutionException', 'DependencyResolutionException']"
266,c311a421,True,True,False,,"['ArtifactResolutionException', 'DependencyResolutionException']"
267,5e237be5,True,True,False,,"['ArtifactResolutionException', 'DependencyResolutionException']"
268,96443b98,True,True,False,,"['ArtifactResolutionException', 'DependencyResolutionException']"
269,de71fe3d,True,True,False,,"['ArtifactResolutionException', 'DependencyResolutionException']"
270,a3db6896,True,True,False,,"['ArtifactResolutionException', 'DependencyResolutionException']"
271,6d55ce2e,True,True,False,,"['ArtifactResolutionException', 'DependencyResolutionException']"
272,4723c5a1,True,True,False,,"['ArtifactResolutionException', 'DependencyResolutionException']"
273,cbf24641,True,True,False,,"['ArtifactResolutionException', 'DependencyResolutionException']"
274,9a5bee31,True,True,False,,"['ArtifactResolutionException', 'DependencyResolutionException']"
275,1803e02b,True,True,False,,"['ArtifactResolutionException', 'DependencyResolutionException']"
276,5c99fafa,True,True,False,,"['ArtifactResolutionException', 'DependencyResolutionException']"
277,4d463bbb,True,True,False,,"['ArtifactResolutionException', 'DependencyResolutionException']"
278,fe790242,True,True,False,,"['ArtifactResolutionException', 'DependencyResolutionException']"
279,53d91fb4,True,True,False,,"['ArtifactResolutionException', 'DependencyResolutionException']"
280,9e3d5608,True,True,False,,"['ArtifactResolutionException', 'DependencyResolutionException']"
281,6973cb51,True,True,False,,"['ArtifactResolutionException', 'DependencyResolutionException']"
282,6ed98ed9,True,True,False,,"['ArtifactResolutionException', 'DependencyResolutionException']"
283,e5fbb3b2,True,True,False,,"['ArtifactResolutionException', 'DependencyResolutionException']"
284,cbded457,True,True,False,,"['ArtifactResolutionException', 'DependencyResolutionException']"
285,936098ec,True,True,False,,"['ArtifactResolutionException', 'DependencyResolutionException']"
286,b53f9658,True,True,False,,"['ArtifactResolutionException', 'DependencyResolutionException']"
287,f315bd30,True,True,False,,"['ArtifactResolutionException', 'DependencyResolutionException']"
288,e338b4ef,True,True,False,,"['ArtifactResolutionException', 'DependencyResolutionException']"
289,b660c637,True,True,False,,"['ArtifactResolutionException', 'DependencyResolutionException']"
290,b01232dd,True,True,False,,"['ArtifactResolutionException', 'DependencyResolutionException']"
291,aa92d995,True,True,False,,"['ArtifactResolutionException', 'DependencyResolutionException']"
292,97f873d4,True,True,False,,"['ArtifactResolutionException', 'DependencyResolutionException']"
293,0ba4b565,True,True,False,,"['ArtifactResolutionException', 'DependencyResolutionException']"
294,f3c2f041,True,True,False,,"['ArtifactResolutionException', 'DependencyResolutionException']"
295,e6fe539f,True,True,False,,"['ArtifactResolutionException', 'DependencyResolutionException']"
296,4d3e9345,True,True,False,,"['ArtifactResolutionException', 'DependencyResolutionException']"
297,756f120b,True,True,False,,"['ArtifactResolutionException', 'DependencyResolutionException']"
298,0d74de27,True,True,False,,"['ArtifactResolutionException', 'DependencyResolutionException']"
299,fa00783c,True,True,False,,"['ArtifactResolutionException', 'DependencyResolutionException']"
300,89e8e8fa,True,True,False,,"['ArtifactResolutionException', 'DependencyResolutionException']"
301,1c44f940,True,True,False,,"['ArtifactResolutionException', 'DependencyResolutionException']"
302,c44975c6,True,True,False,,"['ArtifactResolutionException', 'DependencyResolutionException']"
303,616f0e77,True,True,False,,"['ArtifactResolutionException', 'DependencyResolutionException']"
304,ee5042c1,True,True,False,,"['ArtifactResolutionException', 'DependencyResolutionException']"
305,73fb97a8,True,True,False,,"['ArtifactResolutionException', 'DependencyResolutionException']"
306,1cfb7564,True,True,False,,"['ArtifactResolutionException', 'DependencyResolutionException']"
307,3a85addd,True,True,False,,"['ArtifactResolutionException', 'DependencyResolutionException']"
308,38f87370,True,True,False,,"['ArtifactResolutionException', 'DependencyResolutionException']"
309,80340025,True,True,False,,"['ArtifactResolutionException', 'DependencyResolutionException']"
310,459893d3,True,True,False,,"['ArtifactResolutionException', 'DependencyResolutionException']"
311,4cc4debd,True,True,False,,"['ArtifactResolutionException', 'DependencyResolutionException']"
312,8c223aea,True,True,False,,"['ArtifactResolutionException', 'DependencyResolutionException']"
313,fe1114d2,True,True,False,,"['ArtifactResolutionException', 'DependencyResolutionException']"
314,37805022,True,True,False,,"['ArtifactResolutionException', 'DependencyResolutionException']"
315,5d6fc111,True,True,False,,"['ArtifactResolutionException', 'DependencyResolutionException']"
316,04f7d6dc,True,True,False,,"['ArtifactResolutionException', 'DependencyResolutionException']"
317,b07c7faa,True,True,False,,"['ArtifactResolutionException', 'DependencyResolutionException']"
318,fdd1437c,True,True,False,,"['ArtifactResolutionException', 'DependencyResolutionException']"
319,d5ef8fb9,True,True,False,,"['ArtifactResolutionException', 'DependencyResolutionException']"
320,97912261,True,True,False,,"['ArtifactResolutionException', 'DependencyResolutionException']"
321,5d3bfa27,True,True,False,,"['ArtifactResolutionException', 'DependencyResolutionException']"
322,ac06fb2f,True,True,False,,"['ArtifactResolutionException', 'DependencyResolutionException']"
323,f2ff78e6,True,True,False,,"['ArtifactResolutionException', 'DependencyResolutionException']"
324,f4dd5875,True,True,False,,"['ArtifactResolutionException', 'DependencyResolutionException']"
325,c9d6407a,True,True,False,,"['ArtifactResolutionException', 'DependencyResolutionException']"
326,46341887,True,True,False,,"['ArtifactResolutionException', 'DependencyResolutionException']"
327,343a075f,True,True,False,,"['ArtifactResolutionException', 'DependencyResolutionException']"
328,1626a3ec,True,True,False,,"['ArtifactResolutionException', 'DependencyResolutionException']"
329,80807b34,True,True,False,,"['ArtifactResolutionException', 'DependencyResolutionException']"
330,e85c74b4,True,True,False,,"['ArtifactResolutionException', 'DependencyResolutionException']"
331,1794cbbf,True,True,False,,"['ArtifactResolutionException', 'DependencyResolutionException']"
332,c4690c48,True,True,False,,"['ArtifactResolutionException', 'DependencyResolutionException']"
333,27b9b283,True,True,False,,"['ArtifactResolutionException', 'DependencyResolutionException']"
334,a6d04de0,True,True,False,,"['ArtifactResolutionException', 'DependencyResolutionException']"
335,8aa3d4d9,True,True,False,,"['ArtifactResolutionException', 'DependencyResolutionException']"
336,5c46a63c,True,True,False,,"['ArtifactResolutionException', 'DependencyResolutionException']"
337,ba54a036,True,True,False,,"['ArtifactResolutionException', 'DependencyResolutionException']"
338,12cb11ef,True,True,False,,"['ArtifactResolutionException', 'DependencyResolutionException']"
339,d661352c,True,True,False,,"['ArtifactResolutionException', 'DependencyResolutionException']"
340,7dbfa28c,True,True,False,,"['ArtifactResolutionException', 'DependencyResolutionException']"
341,466975eb,True,True,False,,"['ArtifactResolutionException', 'DependencyResolutionException']"
342,6045f0ae,True,True,False,,"['ArtifactResolutionException', 'DependencyResolutionException']"
343,40eb821c,True,True,False,,"['ArtifactResolutionException', 'DependencyResolutionException']"
344,bfd9953b,True,True,False,,"['ArtifactResolutionException', 'DependencyResolutionException']"
345,079e6c04,True,True,False,,"['ArtifactResolutionException', 'DependencyResolutionException']"
346,ea187698,True,True,False,,"['ArtifactResolutionException', 'DependencyResolutionException']"
347,4b04d693,True,True,False,,"['ArtifactResolutionException', 'DependencyResolutionException']"
348,a7907e09,True,True,False,,"['ArtifactResolutionException', 'DependencyResolutionException']"
349,a52e142c,True,True,False,,"['ArtifactResolutionException', 'DependencyResolutionException']"
350,df82aeac,True,True,False,,"['ArtifactResolutionException', 'DependencyResolutionException']"
351,2c1e2b29,True,True,False,,"['ArtifactResolutionException', 'DependencyResolutionException']"
352,94febc97,True,True,False,,"['ArtifactResolutionException', 'DependencyResolutionException']"
353,cee0c341,True,True,False,,"['ArtifactResolutionException', 'DependencyResolutionException']"
354,f2900222,True,True,False,,"['ArtifactResolutionException', 'DependencyResolutionException']"
355,fff5e965,True,True,False,,"['ArtifactResolutionException', 'DependencyResolutionException']"
356,95941245,True,True,False,,"['ArtifactResolutionException', 'DependencyResolutionException']"
357,e3039f14,True,True,False,,"['ArtifactResolutionException', 'DependencyResolutionException']"
358,a0f228ba,True,True,False,,"['ArtifactResolutionException', 'DependencyResolutionException']"
359,4d3ea7a1,True,True,False,,"['ArtifactResolutionException', 'DependencyResolutionException']"
360,a757bab4,True,True,False,,"['ArtifactResolutionException', 'DependencyResolutionException']"
361,a088d998,True,True,False,,"['ArtifactResolutionException', 'DependencyResolutionException']"
362,c6618625,True,True,False,,"['ArtifactResolutionException', 'DependencyResolutionException']"
363,12cc2f37,True,True,False,,"['ArtifactResolutionException', 'DependencyResolutionException']"
364,6a221b16,True,True,False,,"['ArtifactResolutionException', 'DependencyResolutionException']"
365,3fc2d8b1,True,True,False,,"['ArtifactResolutionException', 'DependencyResolutionException']"
366,bec6b5ce,True,True,False,,"['ArtifactResolutionException', 'DependencyResolutionException']"
367,7525ab93,True,True,False,,"['ArtifactResolutionException', 'DependencyResolutionException']"
368,6bcb5546,True,True,False,,"['ArtifactResolutionException', 'DependencyResolutionException']"
369,47cf6e4c,True,True,False,,"['ArtifactResolutionException', 'DependencyResolutionException']"
370,8b96bd5c,True,True,False,,"['ArtifactResolutionException', 'DependencyResolutionException']"
371,437a74fb,True,True,False,,"['ArtifactResolutionException', 'DependencyResolutionException']"
372,29f2dcda,True,True,False,,"['ArtifactResolutionException', 'DependencyResolutionException']"
373,0b431122,True,True,False,,"['ArtifactResolutionException', 'DependencyResolutionException']"
374,49db0e5e,True,True,False,,"['ArtifactResolutionException', 'DependencyResolutionException']"
375,1ec8e2ca,True,True,False,,"['ArtifactResolutionException', 'DependencyResolutionException']"
376,ec13a0d5,True,True,False,,"['ArtifactResolutionException', 'DependencyResolutionException']"
377,e6807291,True,True,False,,"['ArtifactResolutionException', 'DependencyResolutionException']"
378,badfb1b4,True,True,False,,"['ArtifactResolutionException', 'DependencyResolutionException']"
379,375b0550,True,True,False,,"['ArtifactResolutionException', 'DependencyResolutionException']"
380,f2cd19e4,True,True,False,,"['ArtifactResolutionException', 'DependencyResolutionException']"
381,473e8814,True,True,False,,"['ArtifactResolutionException', 'DependencyResolutionException']"
382,03d3ff37,True,True,False,,"['ArtifactResolutionException', 'DependencyResolutionException']"
383,ace7dc39,True,True,False,,"['ArtifactResolutionException', 'DependencyResolutionException']"
384,75da189a,True,True,False,,"['ArtifactResolutionException', 'DependencyResolutionException']"
385,f1584d25,True,True,False,,"['ArtifactResolutionException', 'DependencyResolutionException']"
386,cc1559be,True,True,False,,"['ArtifactResolutionException', 'DependencyResolutionException']"
387,82a1fbe2,True,True,False,,"['ArtifactResolutionException', 'DependencyResolutionException']"
388,8e0e28fe,True,True,False,,"['ArtifactResolutionException', 'DependencyResolutionException']"
389,d9ffd6e3,True,True,False,,"['ArtifactResolutionException', 'DependencyResolutionException']"
390,2dafb519,True,True,False,,"['ArtifactResolutionException', 'DependencyResolutionException']"
391,3aa6ff70,True,True,False,,"['ArtifactResolutionException', 'DependencyResolutionException']"
392,a40f0276,True,True,False,,"['ArtifactResolutionException', 'DependencyResolutionException']"
393,177aca04,True,True,False,,"['ArtifactResolutionException', 'DependencyResolutionException']"
394,4ac18b1e,True,True,False,,"['ArtifactResolutionException', 'DependencyResolutionException']"
395,54b7d684,True,True,False,,"['ArtifactResolutionException', 'DependencyResolutionException']"
396,b1bf687e,True,True,False,,"['ArtifactResolutionException', 'DependencyResolutionException']"
397,9ab5ed15,True,True,False,,"['ArtifactResolutionException', 'DependencyResolutionException']"
398,992460d8,True,True,False,,"['ArtifactResolutionException', 'DependencyResolutionException']"
399,de967230,True,True,False,,"['ArtifactResolutionException', 'DependencyResolutionException']"
400,ead083b9,True,True,False,,"['ArtifactResolutionException', 'DependencyResolutionException']"
401,c227b29f,True,True,False,,"['ArtifactResolutionException', 'DependencyResolutionException']"
402,edb6aaf8,True,True,False,,"['ArtifactResolutionException', 'DependencyResolutionException']"
403,a33cc988,True,True,False,,"['ArtifactResolutionException', 'DependencyResolutionException']"
404,39fc8b9e,True,True,False,,"['ArtifactResolutionException', 'DependencyResolutionException']"
405,8d9c1f38,True,True,False,,"['ArtifactResolutionException', 'DependencyResolutionException']"
406,b47fbb74,True,True,False,,"['ArtifactResolutionException', 'DependencyResolutionException']"
407,e7af2e1e,True,True,False,,"['ArtifactResolutionException', 'DependencyResolutionException']"
408,91e3627e,True,True,False,,"['ArtifactResolutionException', 'DependencyResolutionException']"
409,7b601d23,True,True,False,,"['ArtifactResolutionException', 'DependencyResolutionException']"
410,a0c76f6a,True,True,False,,"['ArtifactResolutionException', 'DependencyResolutionException']"
411,470c87ae,True,True,False,,"['ArtifactResolutionException', 'DependencyResolutionException']"
412,7188d9c7,True,True,False,,"['ArtifactResolutionException', 'DependencyResolutionException']"
413,c186b3bb,True,True,False,,"['ArtifactResolutionException', 'DependencyResolutionException']"
414,f5c1fbd4,True,True,False,,"['ArtifactResolutionException', 'DependencyResolutionException']"
415,da948845,True,True,False,,"['ArtifactResolutionException', 'DependencyResolutionException']"
416,f2b3a5da,True,True,False,,"['ArtifactResolutionException', 'DependencyResolutionException']"
417,923bbc7a,True,True,False,,"['ArtifactResolutionException', 'DependencyResolutionException']"
418,85a310a3,True,True,False,,"['ArtifactResolutionException', 'DependencyResolutionException']"
419,c1c8b5b5,True,True,False,,"['ArtifactResolutionException', 'DependencyResolutionException']"
420,d7db08f5,True,True,False,,"['ArtifactResolutionException', 'DependencyResolutionException']"
421,2d617c82,True,True,False,,"['ArtifactResolutionException', 'DependencyResolutionException']"
422,b8bb34b7,True,True,False,,"['ArtifactResolutionException', 'DependencyResolutionException']"
423,ab870c8e,True,True,False,,"['ArtifactResolutionException', 'DependencyResolutionException']"
424,109b4022,True,True,False,,"['ArtifactResolutionException', 'DependencyResolutionException']"
425,63d56d28,True,True,False,,"['ArtifactResolutionException', 'DependencyResolutionException']"
426,840d3f7e,True,True,False,,"['ArtifactResolutionException', 'DependencyResolutionException']"
427,7537ee85,True,True,False,,"['ArtifactResolutionException', 'DependencyResolutionException']"
428,73f79da2,True,True,False,,"['ArtifactResolutionException', 'DependencyResolutionException']"
429,f4174a2c,True,True,False,,"['ArtifactResolutionException', 'DependencyResolutionException']"
430,599585b7,True,True,False,,"['ArtifactResolutionException', 'DependencyResolutionException']"
431,6b24bd27,True,True,False,,"['ArtifactResolutionException', 'DependencyResolutionException']"
432,d48d9876,True,True,False,,"['ArtifactResolutionException', 'DependencyResolutionException']"
433,af58ec04,True,True,False,,"['ArtifactResolutionException', 'DependencyResolutionException']"
434,7a0439e4,True,True,False,,"['ArtifactResolutionException', 'DependencyResolutionException']"
435,e7f34c73,True,True,False,,"['ArtifactResolutionException', 'DependencyResolutionException']"
436,c7bee104,True,True,False,,"['ArtifactResolutionException', 'DependencyResolutionException']"
437,017d006d,True,True,False,,"['ArtifactResolutionException', 'DependencyResolutionException']"
438,b0a29665,True,True,False,,"['ArtifactResolutionException', 'DependencyResolutionException']"
439,ec7f3981,True,True,False,,"['ArtifactResolutionException', 'DependencyResolutionException']"
440,1ce194b7,True,True,False,,"['ArtifactResolutionException', 'DependencyResolutionException']"
441,b3ef44d1,True,True,False,,"['ArtifactResolutionException', 'DependencyResolutionException']"
442,63f843f7,True,True,False,,"['ArtifactResolutionException', 'DependencyResolutionException']"
443,9d40af8f,True,True,False,,"['ArtifactResolutionException', 'DependencyResolutionException']"
444,fe8768b3,True,True,False,,"['ArtifactResolutionException', 'DependencyResolutionException']"
445,3c868e70,True,True,False,,"['ArtifactResolutionException', 'DependencyResolutionException']"
446,e13dfc48,True,True,False,,"['ArtifactResolutionException', 'DependencyResolutionException']"
447,92112063,True,True,False,,"['ArtifactResolutionException', 'DependencyResolutionException']"
448,c8397730,True,True,False,,"['ArtifactResolutionException', 'DependencyResolutionException']"
449,f9e4a6ca,True,True,False,,"['ArtifactResolutionException', 'DependencyResolutionException']"
450,9b0fbc72,True,True,False,,"['ArtifactResolutionException', 'DependencyResolutionException']"
451,86e51a85,True,True,False,,"['ArtifactResolutionException', 'DependencyResolutionException']"
452,51a27a4a,True,True,False,,"['ArtifactResolutionException', 'DependencyResolutionException']"
453,3743acf1,True,True,False,,"['ArtifactResolutionException', 'DependencyResolutionException']"
454,428c782b,True,True,False,,"['ArtifactResolutionException', 'DependencyResolutionException']"
455,03be3ff0,True,True,False,,"['ArtifactResolutionException', 'DependencyResolutionException']"
456,d7ea4b17,True,True,False,,"['ArtifactResolutionException', 'DependencyResolutionException']"
457,92b50f87,True,True,False,,"['ArtifactResolutionException', 'DependencyResolutionException']"
458,26ed4c2e,True,True,False,,"['ArtifactResolutionException', 'DependencyResolutionException']"
459,9b1f56ed,True,True,False,,"['ArtifactResolutionException', 'DependencyResolutionException']"
460,381f2397,True,True,False,,"['ArtifactResolutionException', 'DependencyResolutionException']"
461,ba46179d,True,True,False,,"['ArtifactResolutionException', 'DependencyResolutionException']"
462,6b39ddda,True,True,False,,"['ArtifactResolutionException', 'DependencyResolutionException']"
463,1ec620ae,True,True,False,,"['ArtifactResolutionException', 'DependencyResolutionException']"
464,a6d03075,True,True,False,,"['ArtifactResolutionException', 'DependencyResolutionException']"
465,d51d4191,True,True,False,,"['ArtifactResolutionException', 'DependencyResolutionException']"
466,b7e7ecdd,True,True,False,,"['ArtifactResolutionException', 'DependencyResolutionException']"
467,b7f2b9ec,True,True,False,,"['ArtifactResolutionException', 'DependencyResolutionException']"
468,1023dfc8,True,True,False,,"['ArtifactResolutionException', 'DependencyResolutionException']"
469,70b1690f,True,True,False,,"['ArtifactResolutionException', 'DependencyResolutionException']"
470,40ad9e8b,True,True,False,,"['ArtifactResolutionException', 'DependencyResolutionException']"
471,33893e8f,True,True,False,,"['ArtifactResolutionException', 'DependencyResolutionException']"
472,7be4c07a,True,True,False,,"['ArtifactResolutionException', 'DependencyResolutionException']"
473,ac61cbba,True,True,False,,"['ArtifactResolutionException', 'DependencyResolutionException']"
474,ac67160e,True,True,False,,"['ArtifactResolutionException', 'DependencyResolutionException']"
475,cfbdeabc,True,True,False,,"['ArtifactResolutionException', 'DependencyResolutionException']"
476,14829614,True,True,False,,"['ArtifactResolutionException', 'DependencyResolutionException']"
477,80d95960,True,True,False,,"['ArtifactResolutionException', 'DependencyResolutionException']"
478,090286dc,True,True,False,,"['ArtifactResolutionException', 'DependencyResolutionException']"
479,f994b354,True,True,False,,"['ArtifactResolutionException', 'DependencyResolutionException']"
480,0fdc8e54,True,True,False,,"['ArtifactResolutionException', 'DependencyResolutionException']"
481,7c8f8e1c,True,True,False,,"['ArtifactResolutionException', 'DependencyResolutionException']"
482,39c9dbb0,True,True,False,,"['ArtifactResolutionException', 'DependencyResolutionException']"
483,7daeb808,True,True,False,,"['ArtifactResolutionException', 'DependencyResolutionException']"
484,07c3e991,True,True,False,,"['ArtifactResolutionException', 'DependencyResolutionException']"
485,b581085b,True,True,False,,"['ArtifactResolutionException', 'DependencyResolutionException']"
486,68ee9f50,True,True,False,,"['ArtifactResolutionException', 'DependencyResolutionException']"
487,12fc1804,True,True,False,,"['ArtifactResolutionException', 'DependencyResolutionException']"
488,1b75b7e0,True,True,False,,"['ArtifactResolutionException', 'DependencyResolutionException']"
489,b5e981c4,True,True,False,,"['ArtifactResolutionException', 'DependencyResolutionException']"
490,58616e84,True,True,False,,"['ArtifactResolutionException', 'DependencyResolutionException']"
491,c5ec1a54,True,True,False,,"['ArtifactResolutionException', 'DependencyResolutionException']"
492,4e0c88fa,True,True,False,,"['ArtifactResolutionException', 'DependencyResolutionException']"
493,99dde7ac,True,True,False,,"['ArtifactResolutionException', 'DependencyResolutionException']"
494,85f92662,True,True,False,,"['ArtifactResolutionException', 'DependencyResolutionException']"
495,e62deaac,True,True,False,,"['ArtifactResolutionException', 'DependencyResolutionException']"
496,e6a542a2,True,True,False,,"['ArtifactResolutionException', 'DependencyResolutionException']"
